{
  "time": "2024-12-13T10:28:36.707Z",
  "version": 2,
  "left": {
    "thumb": [
      {
        "length": 41.47797790679754,
        "position": {
          "x": 0.7648640141323972,
          "y": 0.29997454755366376,
          "z": -0.5700862309381368
        },
        "V": {
          "elements": [
            0.7769494877386907,
            0.5717407169422348,
            -0.2635565330113558,
            0,
            0.3961865149301225,
            -0.7693763555403788,
            -0.5010950697451826,
            0,
            -0.48927061927946364,
            0.2849080134460682,
            -0.8242825274043515,
            0,
            0,
            0,
            0,
            0.9999999999999999
          ]
        },
        "Vinv": {
          "elements": [
            0.7648640141323972,
            0.29997454755366376,
            -0.5700862309381368,
            0,
            0.3651169350577096,
            -0.9309616660926829,
            0,
            0,
            -0.5307284273706658,
            -0.20814813735873414,
            -0.8215848643291509,
            0,
            0,
            0,
            0,
            1
          ]
        },
        "degree": 0
      },
      {
        "length": 41.63839206084167,
        "V": {
          "elements": [
            0.9920330177867486,
            0.04408844010211942,
            0.11801144465804228,
            0,
            -0.08515704236499198,
            0.9250121120238342,
            0.3702713474532605,
            0,
            -0.09283732954239549,
            -0.3773709078063226,
            0.9213969981418809,
            0,
            0,
            0,
            0,
            0.9999999999999999
          ]
        },
        "Vinv": {
          "elements": [
            0.9920330177867488,
            -0.08515704236499193,
            -0.09283732954239533,
            0,
            0.044088440102119396,
            0.9250121120238337,
            -0.37737090780632243,
            0,
            0.11801144465804238,
            0.3702713474532603,
            0.9213969981418803,
            0,
            0,
            0,
            0,
            1
          ]
        },
        "degree": 1
      },
      {
        "length": 32.1359212497782,
        "V": {
          "elements": [
            1,
            3.613891155013703e-16,
            -1.4226829206273108e-16,
            0,
            -3.6138911550137007e-16,
            1,
            1.6012826762937074e-15,
            0,
            1.4288909853613631e-16,
            -1.6012826762937074e-15,
            1,
            0,
            0,
            0,
            0,
            1
          ]
        },
        "Vinv": {
          "elements": [
            1,
            -3.6138911550137007e-16,
            1.4226829206273164e-16,
            0,
            3.613891155013703e-16,
            1,
            -1.6012826762937074e-15,
            0,
            -1.4288909853613575e-16,
            1.6012826762937074e-15,
            1,
            0,
            0,
            0,
            0,
            1
          ]
        },
        "degree": 2
      },
      {
        "length": 24.229954075398638,
        "V": {
          "elements": [
            1,
            -2.3580448795007863e-17,
            2.4637524557612703e-33,
            0,
            2.3580448795007863e-17,
            1,
            -1.0448284836219331e-16,
            0,
            2.4637524557612703e-33,
            1.0448284836219331e-16,
            1,
            0,
            0,
            0,
            0,
            1
          ]
        },
        "Vinv": {
          "elements": [
            1,
            2.3580448795007863e-17,
            0,
            0,
            -2.3580448795007863e-17,
            1,
            1.0448284836219331e-16,
            0,
            0,
            -1.0448284836219331e-16,
            1,
            0,
            0,
            0,
            0,
            1
          ]
        },
        "degree": 1
      }
    ],
    "indexFinger": [
      {
        "length": 103.87652445984509,
        "position": {
          "x": 0.9814118358321958,
          "y": 0.012856787487693571,
          "z": -0.19148240520730714
        },
        "V": {
          "elements": [
            0.9951877727786198,
            -0.09760383762610716,
            0.008647993558417246,
            0,
            -0.09259382121689418,
            -0.9656252255202515,
            -0.24288743917999697,
            0,
            0.03205746690528991,
            0.24091785886401076,
            -0.9700159298155862,
            0,
            0,
            0,
            0,
            0.9999999999999998
          ]
        },
        "Vinv": {
          "elements": [
            0.9814118358321958,
            0.012856787487693571,
            -0.19148240520730714,
            0,
            0.013099173999603118,
            -0.9999142021396277,
            -8.673617379884035e-19,
            0,
            -0.1914659764266414,
            -0.002508261343673026,
            -0.9814960460929145,
            0,
            0,
            0,
            0,
            1
          ]
        },
        "degree": 0
      },
      {
        "length": 44.82351130974869,
        "V": {
          "elements": [
            0.9693601591304818,
            -0.15433593085885072,
            0.19110547437595485,
            0,
            0.10562201466305467,
            0.9642638472898869,
            0.24297988152977312,
            0,
            -0.2217766261557882,
            -0.21535007140847942,
            0.9510202284049052,
            0,
            0,
            0,
            0,
            0.9999999999999998
          ]
        },
        "Vinv": {
          "elements": [
            0.9693601591304819,
            0.10562201466305472,
            -0.22177662615578803,
            0,
            -0.15433593085885078,
            0.9642638472898873,
            -0.2153500714084795,
            0,
            0.19110547437595513,
            0.24297988152977326,
            0.9510202284049056,
            0,
            0,
            0,
            0,
            1
          ]
        },
        "degree": 2
      },
      {
        "length": 26.116933672892657,
        "V": {
          "elements": [
            1,
            -3.2436103996779624e-17,
            -1.114098121869294e-33,
            0,
            3.2436103996779624e-17,
            1,
            3.434747039841486e-17,
            0,
            -1.114098121869294e-33,
            -3.434747039841486e-17,
            1,
            0,
            0,
            0,
            0,
            1
          ]
        },
        "Vinv": {
          "elements": [
            1,
            3.2436103996779624e-17,
            0,
            0,
            -3.2436103996779624e-17,
            1,
            -3.434747039841486e-17,
            0,
            0,
            3.434747039841486e-17,
            1,
            0,
            0,
            0,
            0,
            1
          ]
        },
        "degree": 1
      },
      {
        "length": 20.302099767686094,
        "V": {
          "elements": [
            1,
            3.8923324796135556e-17,
            -1.6043012954917836e-33,
            0,
            -3.8923324796135556e-17,
            1,
            -4.1216964478097833e-17,
            0,
            -1.6043012954917836e-33,
            4.1216964478097833e-17,
            1,
            0,
            0,
            0,
            0,
            1
          ]
        },
        "Vinv": {
          "elements": [
            1,
            -3.8923324796135556e-17,
            0,
            0,
            3.8923324796135556e-17,
            1,
            4.1216964478097833e-17,
            0,
            0,
            -4.1216964478097833e-17,
            1,
            0,
            0,
            0,
            0,
            1
          ]
        },
        "degree": 1
      }
    ],
    "middleFinger": [
      {
        "length": 99.92488561672712,
        "position": {
          "x": 1,
          "y": 2.0010326063898334e-18,
          "z": -1.0959760387380258e-18
        },
        "V": {
          "elements": [
            0.9699975125942802,
            -0.17801969044113478,
            0.1655711791833106,
            0,
            -0.1344964442528833,
            -0.9602705540487384,
            -0.24452232926720752,
            0,
            0.202522917330954,
            0.21491731629203856,
            -0.9554030642161391,
            0,
            0,
            0,
            0,
            1
          ]
        },
        "Vinv": {
          "elements": [
            1,
            2.0010326063898334e-18,
            -1.0959760387380258e-18,
            0,
            2.0010326063898334e-18,
            -1,
            0,
            0,
            -1.0959760387380258e-18,
            -2.1930837893367566e-36,
            -1,
            0,
            0,
            0,
            0,
            1
          ]
        },
        "degree": 0
      },
      {
        "length": 49.08593419939553,
        "V": {
          "elements": [
            0.9699975125942804,
            -0.17801969044113405,
            0.16557117918331055,
            0,
            0.1344964442528827,
            0.9602705540487386,
            0.24452232926720696,
            0,
            -0.20252291733095365,
            -0.21491731629203814,
            0.9554030642161392,
            0,
            0,
            0,
            0,
            1
          ]
        },
        "Vinv": {
          "elements": [
            0.9699975125942802,
            0.13449644425288265,
            -0.20252291733095368,
            0,
            -0.17801969044113397,
            0.9602705540487382,
            -0.21491731629203806,
            0,
            0.16557117918331038,
            0.24452232926720685,
            0.9554030642161389,
            0,
            0,
            0,
            0,
            1
          ]
        },
        "degree": 2
      },
      {
        "length": 30.49844230316144,
        "V": {
          "elements": [
            1,
            -6.592951052741384e-16,
            1.7034498819912183e-16,
            0,
            6.592951052741383e-16,
            1,
            5.665560408773011e-16,
            0,
            -2.3145434161509804e-16,
            -5.665560408773011e-16,
            1,
            0,
            0,
            0,
            0,
            1
          ]
        },
        "Vinv": {
          "elements": [
            0.9999999999999999,
            6.592951052741382e-16,
            -1.7034498819912217e-16,
            0,
            -6.592951052741383e-16,
            0.9999999999999999,
            -5.66556040877301e-16,
            0,
            2.3145434161509765e-16,
            5.665560408773013e-16,
            1,
            0,
            0,
            0,
            0,
            1
          ]
        },
        "degree": 1
      },
      {
        "length": 23.178093309618898,
        "V": {
          "elements": [
            1,
            2.0225748162716171e-16,
            -3.515379484391099e-32,
            0,
            -2.0225748162716171e-16,
            1,
            -1.7380714207009137e-16,
            0,
            -3.515379484391099e-32,
            1.7380714207009137e-16,
            1,
            0,
            0,
            0,
            0,
            1
          ]
        },
        "Vinv": {
          "elements": [
            1,
            -2.0225748162716171e-16,
            0,
            0,
            2.0225748162716171e-16,
            1,
            1.7380714207009137e-16,
            0,
            0,
            -1.7380714207009137e-16,
            1,
            0,
            0,
            0,
            0,
            1
          ]
        },
        "degree": 1
      }
    ],
    "ringFinger": [
      {
        "length": 93.81108820649101,
        "position": {
          "x": 0.9791921892415367,
          "y": 0.07131654211133623,
          "z": 0.18999107176298696
        },
        "V": {
          "elements": [
            0.9804514700492409,
            0.00011804574692033209,
            0.19676102496044312,
            0,
            0.011908571733371636,
            -0.9982022232937114,
            -0.058741019149846536,
            0,
            0.1964003584455833,
            0.059935861357730824,
            -0.9786902429909852,
            0,
            0,
            0,
            0,
            1
          ]
        },
        "Vinv": {
          "elements": [
            0.9791921892415367,
            0.07131654211133623,
            0.18999107176298696,
            0,
            0.0726396132389784,
            -0.9973582538829724,
            0,
            0,
            0.18948916358688717,
            0.013800877971722362,
            -0.981785818114293,
            0,
            0,
            0,
            0,
            1
          ]
        },
        "degree": 0
      },
      {
        "length": 44.91012199096194,
        "V": {
          "elements": [
            0.9982140141558192,
            -0.059685462883404664,
            0.002535244232726739,
            0,
            0.0593425032737289,
            0.9955738012437177,
            0.07287848504422864,
            0,
            -0.006873808851962984,
            -0.07259787736241402,
            0.9973376053044118,
            0,
            0,
            0,
            0,
            1
          ]
        },
        "Vinv": {
          "elements": [
            0.9982140141558193,
            0.05934250327372889,
            -0.006873808851963042,
            0,
            -0.059685462883404664,
            0.9955738012437177,
            -0.07259787736241402,
            0,
            0.002535244232726681,
            0.07287848504422863,
            0.9973376053044117,
            0,
            0,
            0,
            0,
            1
          ]
        },
        "degree": 2
      },
      {
        "length": 28.204738566173802,
        "V": {
          "elements": [
            1,
            -1.0891177430768237e-16,
            -1.2748939384616754e-32,
            0,
            1.0891177430768237e-16,
            1,
            1.1705749415669446e-16,
            0,
            -1.2748939384616754e-32,
            -1.1705749415669446e-16,
            1,
            0,
            0,
            0,
            0,
            1
          ]
        },
        "Vinv": {
          "elements": [
            1,
            1.0891177430768237e-16,
            0,
            0,
            -1.0891177430768237e-16,
            1,
            -1.1705749415669446e-16,
            0,
            0,
            1.1705749415669446e-16,
            1,
            0,
            0,
            0,
            0,
            1
          ]
        },
        "degree": 1
      },
      {
        "length": 21.597638764251283,
        "V": {
          "elements": [
            1,
            -3.630392476922747e-17,
            -1.4165488205129736e-33,
            0,
            3.630392476922747e-17,
            1,
            3.901916471889816e-17,
            0,
            -1.4165488205129736e-33,
            -3.901916471889816e-17,
            1,
            0,
            0,
            0,
            0,
            1
          ]
        },
        "Vinv": {
          "elements": [
            1,
            3.630392476922747e-17,
            0,
            0,
            -3.630392476922747e-17,
            1,
            -3.901916471889816e-17,
            0,
            0,
            3.901916471889816e-17,
            1,
            0,
            0,
            0,
            0,
            1
          ]
        },
        "degree": 1
      }
    ],
    "pinky": [
      {
        "length": 88.12446748119588,
        "position": {
          "x": 0.918886098988614,
          "y": 0.13973963893923158,
          "z": 0.36894602639765656
        },
        "V": {
          "elements": [
            0.8533449046814574,
            -0.034052549927169794,
            0.5202335028596797,
            0,
            0.02344404635104215,
            -0.9943487569742652,
            -0.10354190549929292,
            0,
            0.5208194028114589,
            0.10055333583323792,
            -0.8477241156814659,
            0,
            0,
            0,
            0,
            1
          ]
        },
        "Vinv": {
          "elements": [
            0.918886098988614,
            0.13973963893923158,
            0.36894602639765656,
            0,
            0.1503464580430704,
            -0.9886333711512593,
            6.938893903907228e-18,
            0,
            0.3647523538503767,
            0.055469728277952816,
            -0.9294508215098741,
            0,
            0,
            0,
            0,
            1
          ]
        },
        "degree": 0
      },
      {
        "length": 34.30067372560138,
        "V": {
          "elements": [
            0.9795570822650124,
            -0.13314159734574818,
            0.1508019815542178,
            0,
            0.10511981733050212,
            0.9779266834386469,
            0.18058024759948416,
            0,
            -0.17151602429177812,
            -0.16103638369918707,
            0.9719308290903375,
            0,
            0,
            0,
            0,
            1
          ]
        },
        "Vinv": {
          "elements": [
            0.9795570822650123,
            0.10511981733050209,
            -0.17151602429177817,
            0,
            -0.13314159734574812,
            0.9779266834386464,
            -0.161036383699187,
            0,
            0.15080198155421767,
            0.18058024759948407,
            0.9719308290903371,
            0,
            0,
            0,
            0,
            1
          ]
        },
        "degree": 2
      },
      {
        "length": 21.470075463777,
        "V": {
          "elements": [
            1,
            7.259913715344805e-16,
            -3.2009256459292107e-16,
            0,
            -7.259913715344808e-16,
            1,
            -6.991941922803416e-16,
            0,
            3.932536744796751e-16,
            6.991941922803418e-16,
            1,
            0,
            0,
            0,
            0,
            1
          ]
        },
        "Vinv": {
          "elements": [
            1,
            -7.259913715344807e-16,
            3.200925645929206e-16,
            0,
            7.259913715344805e-16,
            1,
            6.991941922803418e-16,
            0,
            -3.932536744796756e-16,
            -6.991941922803415e-16,
            1,
            0,
            0,
            0,
            0,
            1
          ]
        },
        "degree": 1
      },
      {
        "length": 18.82091729230093,
        "V": {
          "elements": [
            1,
            -3.1448456177718357e-16,
            -9.525000655708471e-32,
            0,
            3.1448456177718357e-16,
            1,
            3.02876573714199e-16,
            0,
            -9.525000655708471e-32,
            -3.02876573714199e-16,
            1,
            0,
            0,
            0,
            0,
            1
          ]
        },
        "Vinv": {
          "elements": [
            1,
            3.1448456177718357e-16,
            0,
            0,
            -3.1448456177718357e-16,
            1,
            -3.02876573714199e-16,
            0,
            0,
            3.02876573714199e-16,
            1,
            0,
            0,
            0,
            0,
            1
          ]
        },
        "degree": 1
      }
    ]
  },
  "right": {
    "thumb": [
      {
        "length": 44.11713729868378,
        "position": {
          "x": 0.7735315178747872,
          "y": 0.23826963641200924,
          "z": 0.587261927267907
        },
        "V": {
          "elements": [
            0.8641952733448472,
            0.2823001826555197,
            0.41650106410558496,
            0,
            0.26485683303233826,
            -0.9590387012600331,
            0.10047699976386826,
            0,
            0.4278053149792609,
            0.023481404517797864,
            -0.9035658449262931,
            0,
            0,
            0,
            0,
            0.9999999999999999
          ]
        },
        "Vinv": {
          "elements": [
            0.7735315178747872,
            0.23826963641200924,
            0.587261927267907,
            0,
            0.2943792107203828,
            -0.9556886942386859,
            0,
            0,
            0.5612395844467601,
            0.1728777026352573,
            -0.8093969537758241,
            0,
            0,
            0,
            0,
            1
          ]
        },
        "degree": 0
      },
      {
        "length": 36.7856906484509,
        "V": {
          "elements": [
            0.9828233966086826,
            0.003648021003660346,
            -0.18451250098930685,
            0,
            0.0012804415546722962,
            0.9996457490879179,
            0.026584521810252337,
            0,
            0.18454411816147698,
            -0.02636414749639303,
            0.982470559446333,
            0,
            0,
            0,
            0,
            1
          ]
        },
        "Vinv": {
          "elements": [
            0.9828233966086827,
            0.0012804415546722977,
            0.18454411816147703,
            0,
            0.0036480210036603485,
            0.9996457490879186,
            -0.026364147496393046,
            0,
            -0.1845125009893069,
            0.026584521810252355,
            0.9824705594463337,
            0,
            0,
            0,
            0,
            1
          ]
        },
        "degree": 1
      },
      {
        "length": 31.52323883009817,
        "V": {
          "elements": [
            1,
            -3.5269218177141494e-16,
            7.559843325154477e-16,
            0,
            3.5269218177141696e-16,
            1,
            -2.654899262408151e-15,
            0,
            -7.628307048517299e-16,
            2.6548992624081513e-15,
            1,
            0,
            0,
            0,
            0,
            1
          ]
        },
        "Vinv": {
          "elements": [
            1,
            3.5269218177141696e-16,
            -7.559843325154468e-16,
            0,
            -3.5269218177141494e-16,
            1,
            2.6548992624081513e-15,
            0,
            7.628307048517308e-16,
            -2.654899262408151e-15,
            1,
            0,
            0,
            0,
            0,
            1
          ]
        },
        "degree": 2
      },
      {
        "length": 25.785182356791346,
        "V": {
          "elements": [
            1,
            1.2103248538387284e-16,
            1.1026968077190533e-31,
            0,
            -1.2103248538387284e-16,
            1,
            9.110750756060932e-16,
            0,
            1.1026968077190533e-31,
            -9.110750756060932e-16,
            1,
            0,
            0,
            0,
            0,
            1
          ]
        },
        "Vinv": {
          "elements": [
            1,
            -1.2103248538387284e-16,
            0,
            0,
            1.2103248538387284e-16,
            1,
            -9.110750756060932e-16,
            0,
            0,
            9.110750756060932e-16,
            1,
            0,
            0,
            0,
            0,
            1
          ]
        },
        "degree": 1
      }
    ],
    "indexFinger": [
      {
        "length": 94.48822441416102,
        "position": {
          "x": 0.9855790877792031,
          "y": 0.02829218770861736,
          "z": 0.16683349138279835
        },
        "V": {
          "elements": [
            0.9715082268360039,
            0.23246418146201345,
            -0.04617542124507832,
            0,
            0.23676494843194779,
            -0.9431413279929018,
            0.23329550922768194,
            0,
            0.010682901477662068,
            -0.23758122772850224,
            -0.9713089291502661,
            0,
            0,
            0,
            0,
            1.0000000000000002
          ]
        },
        "Vinv": {
          "elements": [
            0.9855790877792031,
            0.02829218770861736,
            0.16683349138279835,
            0,
            0.02869433641909547,
            -0.9995882327526009,
            0,
            0,
            0.16676479481527764,
            0.004787176327710281,
            -0.9859850841432773,
            0,
            0,
            0,
            0,
            1
          ]
        },
        "degree": 0
      },
      {
        "length": 47.620899390395074,
        "V": {
          "elements": [
            0.9659790560904943,
            0.16279179871038318,
            -0.20095594907132408,
            0,
            -0.20879067248610103,
            0.9494233787126257,
            -0.23452441884951875,
            0,
            0.15261362415367816,
            0.2685034044971142,
            0.9511125083270324,
            0,
            0,
            0,
            0,
            1.0000000000000002
          ]
        },
        "Vinv": {
          "elements": [
            0.9659790560904937,
            -0.20879067248610098,
            0.1526136241536783,
            0,
            0.1627917987103831,
            0.9494233787126253,
            0.2685034044971141,
            0,
            -0.20095594907132386,
            -0.23452441884951875,
            0.9511125083270323,
            0,
            0,
            0,
            0,
            1
          ]
        },
        "degree": 2
      },
      {
        "length": 26.890187880434162,
        "V": {
          "elements": [
            1,
            -9.479575867346639e-16,
            -2.3510165526130983e-30,
            0,
            9.479575867346639e-16,
            1,
            2.480086224860981e-15,
            0,
            -2.3510165526130987e-30,
            -2.4800862248609813e-15,
            1,
            0,
            0,
            0,
            0,
            1
          ]
        },
        "Vinv": {
          "elements": [
            0.9999999999999999,
            9.479575867346637e-16,
            0,
            0,
            -9.479575867346637e-16,
            0.9999999999999999,
            -2.480086224860981e-15,
            0,
            0,
            2.4800862248609813e-15,
            1,
            0,
            0,
            0,
            0,
            1
          ]
        },
        "degree": 1
      },
      {
        "length": 20.902734658487123,
        "V": {
          "elements": [
            1,
            2.8130791522503826e-16,
            -5.942799940713725e-17,
            0,
            -2.8130791522503836e-16,
            1.0000000000000002,
            -7.359695151522172e-16,
            0,
            2.0518498246556117e-16,
            7.359695151522172e-16,
            1.0000000000000002,
            0,
            0,
            0,
            0,
            1
          ]
        },
        "Vinv": {
          "elements": [
            1,
            -2.813079152250382e-16,
            5.942799940713702e-17,
            0,
            2.813079152250381e-16,
            0.9999999999999998,
            7.359695151522169e-16,
            0,
            -2.0518498246556132e-16,
            -7.359695151522168e-16,
            0.9999999999999998,
            0,
            0,
            0,
            0,
            1
          ]
        },
        "degree": 1
      }
    ],
    "middleFinger": [
      {
        "length": 91.25069958385012,
        "position": {
          "x": 1,
          "y": 1.0915827363144988e-18,
          "z": 3.8097451964739085e-19
        },
        "V": {
          "elements": [
            0.9447762170159695,
            0.27945399834075973,
            -0.17118224958317635,
            0,
            0.3182837023529694,
            -0.9068729220821276,
            0.27618288870006086,
            0,
            -0.07806013436755407,
            -0.3154155449650293,
            -0.9457376218682078,
            0,
            0,
            0,
            0,
            1
          ]
        },
        "Vinv": {
          "elements": [
            1,
            1.0915827363144988e-18,
            3.8097451964739085e-19,
            0,
            1.0915827363144988e-18,
            -1,
            0,
            0,
            3.8097451964739085e-19,
            4.158652086228006e-37,
            -1,
            0,
            0,
            0,
            0,
            1
          ]
        },
        "degree": 0
      },
      {
        "length": 51.33835318516368,
        "V": {
          "elements": [
            0.9447762170159693,
            0.27945399834075996,
            -0.17118224958317685,
            0,
            -0.3182837023529698,
            0.9068729220821272,
            -0.27618288870006147,
            0,
            0.07806013436755425,
            0.31541554496503016,
            0.9457376218682075,
            0,
            0,
            0,
            0,
            1
          ]
        },
        "Vinv": {
          "elements": [
            0.944776217015969,
            -0.3182837023529697,
            0.07806013436755431,
            0,
            0.2794539983407599,
            0.906872922082127,
            0.3154155449650301,
            0,
            -0.1711822495831768,
            -0.27618288870006147,
            0.9457376218682074,
            0,
            0,
            0,
            0,
            1
          ]
        },
        "degree": 2
      },
      {
        "length": 31.23776659627085,
        "V": {
          "elements": [
            1,
            -3.767452705322474e-16,
            3.068490348393113e-16,
            0,
            3.7674527053224714e-16,
            1,
            7.992031226770996e-16,
            0,
            -3.266030066849892e-16,
            -7.992031226770995e-16,
            1,
            0,
            0,
            0,
            0,
            1
          ]
        },
        "Vinv": {
          "elements": [
            1,
            3.7674527053224714e-16,
            -3.068490348393116e-16,
            0,
            -3.767452705322474e-16,
            1,
            -7.992031226770995e-16,
            0,
            3.266030066849889e-16,
            7.992031226770996e-16,
            1,
            0,
            0,
            0,
            0,
            1
          ]
        },
        "degree": 1
      },
      {
        "length": 22.473858344498534,
        "V": {
          "elements": [
            1,
            5.149598474949483e-17,
            -5.625434832757744e-33,
            0,
            -5.149598474949483e-17,
            1,
            -1.0924026135480262e-16,
            0,
            -5.625434832757745e-33,
            1.0924026135480263e-16,
            1,
            0,
            0,
            0,
            0,
            1
          ]
        },
        "Vinv": {
          "elements": [
            0.9999999999999999,
            -5.1495984749494816e-17,
            0,
            0,
            5.1495984749494816e-17,
            0.9999999999999999,
            1.092402613548026e-16,
            0,
            0,
            -1.0924026135480262e-16,
            1,
            0,
            0,
            0,
            0,
            1
          ]
        },
        "degree": 1
      }
    ],
    "ringFinger": [
      {
        "length": 87.15595441945821,
        "position": {
          "x": 0.9856357641968142,
          "y": 0.020994315545267914,
          "z": -0.16757499530344017
        },
        "V": {
          "elements": [
            0.9436942247011972,
            0.2059868061839629,
            -0.2588641457284817,
            0,
            0.26450210582185607,
            -0.9397857333916042,
            0.21642876733329108,
            0,
            -0.19869536049291547,
            -0.27271268945858523,
            -0.9413543130654127,
            0,
            0,
            0,
            0,
            0.9999999999999998
          ]
        },
        "Vinv": {
          "elements": [
            0.9856357641968142,
            0.020994315545267914,
            -0.16757499530344017,
            0,
            0.02129544741371571,
            -0.9997732262465573,
            -4.336808689942018e-19,
            0,
            -0.16753699369277206,
            -0.0035685845003380666,
            -0.985859331217721,
            0,
            0,
            0,
            0,
            1
          ]
        },
        "degree": 0
      },
      {
        "length": 45.5373502436843,
        "V": {
          "elements": [
            0.9689881931049122,
            0.22899763255103772,
            -0.09285454167296923,
            0,
            -0.24434573294977358,
            0.943959195852421,
            -0.2218923147720269,
            0,
            0.03683808372479715,
            0.23769964419760972,
            0.9706399099232497,
            0,
            0,
            0,
            0,
            0.9999999999999998
          ]
        },
        "Vinv": {
          "elements": [
            0.9689881931049122,
            -0.24434573294977366,
            0.03683808372479734,
            0,
            0.22899763255103778,
            0.9439591958524213,
            0.23769964419760978,
            0,
            -0.09285454167296904,
            -0.22189231477202698,
            0.9706399099232499,
            0,
            0,
            0,
            0,
            1
          ]
        },
        "degree": 2
      },
      {
        "length": 28.48785418827849,
        "V": {
          "elements": [
            1,
            2.594136463221099e-16,
            -1.1038450879727007e-31,
            0,
            -2.594136463221099e-16,
            1,
            -4.255154282061451e-16,
            0,
            -1.1038450879727007e-31,
            4.2551542820614514e-16,
            1,
            0,
            0,
            0,
            0,
            1
          ]
        },
        "Vinv": {
          "elements": [
            0.9999999999999999,
            -2.5941364632210987e-16,
            0,
            0,
            2.5941364632210987e-16,
            0.9999999999999999,
            4.2551542820614504e-16,
            0,
            0,
            -4.255154282061451e-16,
            1,
            0,
            0,
            0,
            0,
            1
          ]
        },
        "degree": 1
      },
      {
        "length": 20.97777696735914,
        "V": {
          "elements": [
            1,
            -1.8490921467348596e-16,
            1.3002735014765637e-16,
            0,
            1.849092146734859e-16,
            1,
            3.0330603180124364e-16,
            0,
            -1.4198355067205158e-16,
            -3.0330603180124364e-16,
            1,
            0,
            0,
            0,
            0,
            1
          ]
        },
        "Vinv": {
          "elements": [
            1,
            1.849092146734859e-16,
            -1.3002735014765642e-16,
            0,
            -1.8490921467348596e-16,
            1,
            -3.0330603180124364e-16,
            0,
            1.4198355067205153e-16,
            3.033060318012437e-16,
            1,
            0,
            0,
            0,
            0,
            1
          ]
        },
        "degree": 1
      }
    ],
    "pinky": [
      {
        "length": 83.40178911936498,
        "position": {
          "x": 0.9404539841656568,
          "y": 0.10934727484813518,
          "z": -0.3218531919217655
        },
        "V": {
          "elements": [
            0.7492472517995942,
            0.3253605270897625,
            -0.576861407170412,
            0,
            0.541469968164404,
            -0.8024820080261904,
            0.25066491651265027,
            0,
            -0.38136443101945927,
            -0.5001631275955138,
            -0.7774303933774904,
            0,
            0,
            0,
            0,
            1.0000000000000002
          ]
        },
        "Vinv": {
          "elements": [
            0.9404539841656568,
            0.10934727484813518,
            -0.3218531919217655,
            0,
            0.11549268845038026,
            -0.9933083302351307,
            -6.938893903907228e-18,
            0,
            -0.3196994566486559,
            -0.0371716904213809,
            -0.9467895874214984,
            0,
            0,
            0,
            0,
            1
          ]
        },
        "degree": 0
      },
      {
        "length": 34.876036088794486,
        "V": {
          "elements": [
            0.8865841879200226,
            0.37921648239767136,
            -0.26488362955858735,
            0,
            -0.45131405052545864,
            0.8346888254254599,
            -0.31561082444708866,
            0,
            0.10141057897723661,
            0.399361270265162,
            0.9111676411526579,
            0,
            0,
            0,
            0,
            1
          ]
        },
        "Vinv": {
          "elements": [
            0.8865841879200225,
            -0.45131405052545825,
            0.10141057897723586,
            0,
            0.37921648239767103,
            0.8346888254254591,
            0.39936127026516166,
            0,
            -0.2648836295585879,
            -0.3156108244470881,
            0.9111676411526572,
            0,
            0,
            0,
            0,
            1
          ]
        },
        "degree": 2
      },
      {
        "length": 22.127189901879035,
        "V": {
          "elements": [
            1,
            3.9349431696473157e-16,
            -8.171027958128178e-16,
            0,
            -3.9349431696473256e-16,
            1,
            -1.2117888995608641e-15,
            0,
            8.271231863907456e-16,
            1.2117888995608645e-15,
            1,
            0,
            0,
            0,
            0,
            1
          ]
        },
        "Vinv": {
          "elements": [
            1,
            -3.9349431696473256e-16,
            8.171027958128173e-16,
            0,
            3.9349431696473157e-16,
            1,
            1.2117888995608645e-15,
            0,
            -8.271231863907461e-16,
            -1.2117888995608641e-15,
            1,
            0,
            0,
            0,
            0,
            1
          ]
        },
        "degree": 1
      },
      {
        "length": 18.86592273750909,
        "V": {
          "elements": [
            1,
            2.0437931083550657e-18,
            -1.1672897083040243e-16,
            0,
            -2.043793108355066e-18,
            1,
            -6.293981119746761e-18,
            0,
            8.812340490518213e-17,
            6.293981119746761e-18,
            1,
            0,
            0,
            0,
            0,
            1
          ]
        },
        "Vinv": {
          "elements": [
            1,
            -2.0437931083550664e-18,
            1.1672897083040243e-16,
            0,
            2.0437931083550657e-18,
            1,
            6.293981119746761e-18,
            0,
            -8.812340490518213e-17,
            -6.293981119746761e-18,
            1,
